-1.375447304186061259e-01
6.125485574118729078e-03
-1.217418023472884858e-01
-1.248042467355783558e-01
-8.352993485760258630e-02
-1.258382430058793133e-01
-3.235432922475203060e-02
-1.647378338529579753e-02
7.674969154621705432e-03
4.772307569858755955e-02
-8.010996674001268081e-02
-2.009119941952747235e-02
-9.705708688835123013e-03
5.270911082803259561e-03
3.995863054117068658e-02
4.004379655574864111e-02
3.789577149393177913e-02
2.443791914980942073e-02
2.056237860166693077e-02
2.525875953810384836e-02
3.468444735988976402e-02
3.805444521281014375e-02
-2.894014689006515345e-03
-1.577692803986147519e-03
-1.022826186241613255e-01
-7.036964128785985761e-02
7.151301069935094012e-02
-1.021562624887003418e-01
1.001798035603793102e-02
-8.428441165062038054e-02
3.970416521175201136e-02
7.382002343538043854e-02
-6.301727893930531184e-03
-2.487906079783740454e-01
2.347794270051298954e-02
1.755138314619002493e-01
4.485485952807329729e-02
3.375356104900502363e-02
5.262544540618082495e-02
2.989007016384886192e-03
1.034514876291329870e-02
-1.195912441210785770e-01
3.033778750907527647e-02
4.256768055914981336e-02
3.694438624301514540e-02
9.223112268754883603e-02
1.647087146705412605e-02
-9.969534456694463531e-02
-1.948270226319094231e-02
-1.574546006872417150e-02
-2.037244999857908828e-02
1.174357618059421529e-02
4.036342171831364817e-02
-2.241370993947493784e-01
1.010838960971950362e-01
4.154335022868788085e-02
1.312733274392708094e-01
8.370682955072331066e-02
-6.852130245583393231e-02
2.018534768951809472e-02
-1.839401143301715386e-03
5.163121441210281881e-02
1.435933175001218379e-02
-5.158113188436552754e-02
-3.299749727783674296e-03
-5.107283898685440957e-03
-5.929934824679355607e-03
1.322957596598380893e-02
1.797035549592552886e-03
1.672084966032441611e-02
-2.226765350548721469e-03
1.388311964195571707e-02
-6.940145636481490771e-03
-6.952633095220614109e-03
-1.030385966838003910e-02
-4.720950909980795376e-03
1.791171749535565294e-02
2.097320867996822595e-03
5.406115408809147524e-03
1.970870287722511181e-03
-3.026989038488061157e-03
-3.775923246614208695e-03
-1.117036444848659542e-02
-3.728777327051366417e-03
-3.035230390108298402e-03
-1.786533219629300945e-03
1.516313571969196347e-02
-7.169622901538897849e-03
5.220423347646823732e-03
3.860070494272502262e-02
6.634347245506942541e-03
3.149199690044124367e-03
7.384533234856199141e-03
-4.878320346692255859e-03
3.580572421675993350e-03
-5.496619646737559671e-03
5.254512664800055528e-03
-3.399353768801273001e-03
2.412702141994961871e-03
4.731828188739685219e-04
2.414060520536772964e-03
7.069436507147402321e-03
-2.181317406893242689e-02
1.695149592493782123e-02
-5.135694940374094242e-03
-3.243496391261188605e-03
