3.632338115444233018e-01
7.760698471515739549e-02
4.320634751003921137e-01
2.413309485425857659e+00
2.509662984174949596e-01
3.583015053623363477e-01
1.050705992466349770e-01
-1.719878121433093127e-02
-8.260729465181441966e-02
6.090268250054754751e-02
4.481098423110291967e-02
-8.171331661864739138e-02
-2.655466747026920260e-02
-1.336381616368640668e-01
-7.972713110780815793e-02
-1.779211429647473974e-01
-2.077687860566332367e-01
-7.185996516929780975e-02
-8.254267153158535708e-02
-2.111779346136201940e-01
-2.198024190484091922e-01
-1.855848283276428368e-01
4.961525620100065009e-02
4.797179040304744291e-02
3.244082648925523671e-01
1.969787910405771114e-01
-1.717598045969767062e-01
2.554956338952638073e-01
-2.396416955702782570e-01
2.220613144485429902e-01
2.330960933117078374e-03
-2.369412800025636201e-01
4.851386113301407732e-02
7.882937428301396432e-01
-1.008017818312319791e-01
-5.649640908880154688e-01
-1.303391739832184260e-01
-7.617515908997707363e-02
-2.602658055604946397e-02
-1.079024998476688230e-01
2.724805626940015810e-02
2.448459680706578656e-01
-1.819641685049243063e-01
-1.384274242427237234e-01
-8.057525936272830203e-02
-2.318499014461179453e-01
-2.971085238820384000e-01
1.537525810110800528e-01
8.166310470627459461e-02
8.327876938858899680e-02
1.111275932365024394e-01
7.306686151097416433e-03
-8.467018512587616563e-02
-1.073229107189608567e-01
1.645198088822300286e-01
-6.046274519842905620e-02
-2.445471975978215362e-01
9.358722215587848836e-02
2.393746236770638858e-01
-4.687719369420235288e-02
2.367132157266536516e-02
-1.969520791462995440e-02
-2.317076415837142356e-02
2.377703127800902955e-02
2.043359601339224049e-02
3.162271547291369000e-02
-3.159554574337748722e-02
-9.285585775315192969e-02
1.825974023594898604e-02
-2.515492239600237712e-01
-2.148351391810573302e-02
-7.708739379234146039e-02
1.688657837343640264e-02
7.832152605709135837e-03
3.784236786845669720e-02
-3.219281401866661702e-02
4.093577777870529427e-02
-7.197280273869459573e-03
9.410122136574715010e-03
-1.799024585020946726e-02
1.413570342404912340e-02
1.013266388242484509e-02
-8.315075546965448525e-03
1.980491654507017182e-02
2.573185185274435779e-02
2.260984495790292759e-02
1.480736846749152250e-02
-9.648417031744571659e-03
1.776950573685385452e-03
-5.575167917918348592e-02
-2.651949833257422409e-02
-1.211283769265985161e-01
-1.914212221185593310e-01
5.231137860656849548e-02
5.377242268866685992e-02
-3.646344202139779889e-03
-1.168579805259733345e-02
-6.583780039094755225e-03
-3.359268901947112806e-02
-1.872866841052624187e-02
1.043071912760801766e-02
-2.422484297948606508e-02
8.974564885114567903e-02
-4.136653024808153306e-02
-2.497244247663483931e-03
7.575615693481207308e-03
