4.053330286581879327e-01
-1.683911236206819470e-02
3.815182664159068038e-01
3.917538876881232479e-01
2.539425675047239372e-01
4.016677180860114271e-01
9.610528848403110391e-02
7.368785422843923683e-02
-1.431026723585772722e-02
-1.336385861170177047e-01
2.350824340977863414e-01
5.232610081821096465e-02
2.305011439351356897e-02
-2.073988347200622293e-02
-1.452537116370900550e-01
-1.198875835307196963e-01
-1.542602857724404142e-01
-7.982962745153823758e-02
-6.129556138809668514e-02
-8.027293170994596883e-02
-1.074118272701939381e-01
-9.666079801969190699e-02
5.502134986317861257e-03
2.364250459371020074e-02
3.152845401981849704e-01
2.358649703545297183e-01
-2.299874203943770012e-01
2.954895574395938751e-01
-4.125833056553902811e-02
2.875337973265268965e-01
-1.101705226024224382e-01
-2.208624035293235144e-01
2.402109893415238159e-02
7.890749326337561653e-01
-7.635721153570987352e-02
-5.669386132383235077e-01
-1.301581508841584411e-01
-1.169784153949913613e-01
-1.592056719152116773e-01
-9.432103454487838698e-03
-1.595779638499968817e-02
3.824614674163063777e-01
-9.243478761856387116e-02
-1.576980285379637747e-01
-1.272899954751359752e-01
-2.754370581244633964e-01
-6.854490668505695827e-02
3.338879273016624460e-01
5.667513713092911520e-02
3.971473302313370535e-02
3.370848909984870689e-02
-3.372076295815063657e-02
-1.458900848446914311e-01
7.109460456728794453e-01
-3.367547125885743675e-01
-1.496492481193919533e-01
-4.035708510326201370e-01
-2.507479417161518342e-01
2.219211637921630065e-01
-4.771747103189578898e-02
2.430380041019268578e-02
-1.614784181631794824e-01
-5.562202935506350976e-02
1.506637036159497456e-01
5.679345768006065567e-03
1.799443869150689490e-02
1.108687298159035783e-03
-3.494709022710716650e-02
2.887851564765566217e-03
-3.978650134531557664e-02
-1.634190352522885484e-02
-3.624802090380753461e-02
2.414416057348464650e-02
2.805612601217373492e-02
2.684550449825454099e-02
-3.262089217198068476e-04
-3.245094149105134246e-02
-2.472631393983057077e-02
-4.524886877828039090e-03
-1.322882109567344658e-02
9.559200494643409901e-03
1.852099780846051726e-03
3.118179812681953766e-02
3.464436788915586929e-02
-6.911937427629970439e-03
2.095991105590332484e-02
-1.920399375045099208e-02
2.525605189085693841e-02
-8.629452633456814042e-03
-1.090934098143609837e-01
-2.272876256996502961e-02
-2.170548420120913674e-02
-2.145509418635601837e-02
1.907351104141380427e-02
-5.240320446504459842e-03
-2.173333575831317213e-02
-3.602491842101650937e-02
-7.055622904094683775e-03
-7.607656253283415042e-03
3.742067365711170684e-02
-7.615993389971983246e-03
-1.748370004553747442e-02
5.851263221123467750e-02
-2.846541927620774987e-02
1.098459471817198572e-02
6.804060587545659490e-03
